+84989664505
+84962555851
+84909026903
+84915857225
+841204498538
+84985692764
+84976677778
+84918376769
+84917531352
+84902333575
+84933808606
+84909481472
+841666007727
+84988535854
+84983646191
+84934066780
+84902774376
+84933999810
+84961808168
+841667285930
+841268640380
+841638448221
+84919624894
+84903559526
+841649460356
+841698703845
+84906841830
+841662702375
+84966530428
+84948710705
+84937678297
+841692769182
+84918376769
+84903592703
+84978654067
+84902902877
+84913915108
+841635100864
+84972052676
+841629258220
+841666007727
+841636363842
+841633946393
+84927282910
+84908681020
+84982402466
+84913915108
+84963697750
+841656212698
+84972504332
+84989516459
+841649460356
+84909144413
+84938472942
+841649832907
+84963609447
+84965599984
+841866220199
+84937527612
+841656292816
+841689248551
+84934767427
+84939139544
+841648581642
+84926476473
+841654856144
+841668222225
+84972504332
+84903163129
+841298876377
+84944910242
+841694666728
+841667311541
+84975997451
+84938472942
+84935966769
+841653205192
+841665858798
+84974890045
+841649723843
+84961838008
+841687731316
+841653205192
+84962508929
+84902843322
+84934814774
+841636745561
+841868106899
+841647370191
+84972878411
+841633073080
+84988613255
+84949705580
+841644012548
+841205425490
+84911775932
+84903935932
+84918334058
+841667311541
+84938288256
+841627977312
+84942664191
+84938870057
+84924333700
+841656895996
+841652552555
+84997386779
+84908779242
+84964370700
+841224288123
+841265114194
+84972455690
+841205928461
+84935180618
+841687658008
+84903550758
+84949335479
+841687731316
+841216475878
+841636745561
+84964869689
+84934625152
+84903544386
+841678820112
+84935086664
+84962378732
+84909613329
+84918300136
+841674737094
+841633355022
+84976652205
+84928042468
+84988062845
+841683682683
+84919694290
+841217778569
+84977714464
+84942664191
+84972779133
+84994417763
+84997386779
+84937260637
+84939410993
+84905345101
+84906520673
+841644193086
+84988030185
+84933352266
+841264877725
+841695232337
+841674453700
+84906816816
+84978972934
+841659150145
+84973016594
+84908550312
+84937046608
+84974849539
+84909613329
+84919694290
+841224464030
+84919477165
+84902288647
+84908411968
+84931066126
+84933352266
+84964627245
+84946543731
+84974620162
+84934098420
+84917345393
+84974929396
+84977080844
+84986940583
+841265553010
+841267175889
+841286257333
+841668095518
+84931066126
+841655958026
+84977873536
+84973836220
+84977080844
+84909568621
+84918996757
+84909916520
+84984762723
+84932052176
+84973509430
+84973818703
+84933367100
+841696246966
+841689943843
+84908880164
+84932172737
+841699466344
+841667460950
+84909354781
+84968078880
+841696246966
+841647484302
+841649687035
+84907757505
+84935678956
+84908880164
+84905111877
+841257711227
+84936395477
+84963512221
+84904073774
+84909398404
+84989609939
+84983964736
+841696841650
+841286233116
+84908127269
+84974477135
+84903073653
+84938928070
+84902520405
+84908127269
+84986282136
+84981268689
+84939216264
+841203160286
+84972662368
+84973459433
+841685520011
+84905111877
+84909323935
+841662224265
+841272710076
+841278033754
+841223239951
+84933182412
+84984181501
+84931771395
+84908600273
+841259949947
+84917149777
+84938776489
+84938666165
+84949396618
+84933979677
+841662224265
+84987226313
+84975850680
+841657988641
+84979963929
+84985688122
+841212141438
+84936589750
+84978499840
+84907050417
+841237862666
+841642841702
+84965275397
+84939216264
+841677214992
+841687627141
+841269691988
+841647547682
+84974344994
+84933539738
+84935999316
+84949939313
+841269840850
+84938277885
+84977432474
+84906640153
+84937733535
+84936589750
+84949654606
+84934170808
+84907050417
+84963905679
+841218060660
+84931790033
+84934778856
+84973583834
+84965118162
+84931314843
+84962968375
+84986763882
+841698711248
+841274120192
+841645197277
+84934170808
+84908041510
+841672465693
+84984804547
+841665931877
+84904947256
+84935515353
+841216959389
+841695959769
+841662946309
+84902879292
+841698044837
+84933876088
+841649100593
+841657042639
+84962968375
+84906424490
+84902532753
+84934567244
+841695959769
+84962111089
+84909949389
+84919311855
+841229673532
+84964678972
+84988114231
+841646919199
+84973738302
+841655300866
+841655387462
+84986455447
+84968664355
+84983013011
+84902425705
+84988366409
+841696068980
+84932915945
+84967880069
+841212464040
+841653357899
+84922430552
+84906100233
+84908922984
+84974125386
+84983614574
+84937687530
+841649618613
+841233954544
+841214309357
+84916167856
+84902425705
+84938393292
+84938643264
+841229673532
+84903503664
+84983532857
+841686231535
+841669369722
+84962019130
+84938993034
+84935244811
+841628419232
+84909772790
+841652240987
+841628419232
+84979491373
+841628678933
+84938545441
+84937687530
+841866210645
+84934985056
+841693693860
+84902958961
+84937556080
+841627352954
+841697021693
+84915898460
+841678797232
+84977261122
+841285548848
+841639469778
+84982380106
+84908200688
+84909759903
+84932139525
+84942694694
+841645722115
+841627021681
+84947848625
+84902267650
+84988125215
+84966372612
+84909064303
+84969116757
+84905710335
+84902958961
+84934008288
+84905906515
+84907607784
+84935363789
+84909046010
+84902799000
+84967654866
+841666163910
+84977289908
+84974550139
+841274329171
+841683658413
+84936860194
+841688385445
+841885652515
+841633397741
+841274569595
+841696483644
+84901246009
+84908888956
+84902691318
+84916348887
+84902799000
+84907379137
+841688995210
+841299868050
+84937197798
+841223498653
+841678025158
+84983555167
+84914051010
+84937165187
+84983681711
+84916348887
+84966747137
+84989589542
+84963938694
+841648288206
+84903250890
+84916875733
+841642304126
+84968795846
+841635713975
+841284390067
+841642304126
+841649704737
+841249608328
+84976678283
+841669933189
+84903088806
+84976768517
+84969664406
+84972583925
+841678025158
+841285911069
+841269618646
+841662711324
+84969354515
+84906412401
+841682399291
+84972040706
+84933017118
+841697591259
+84922976727
+84904778360
+84986120881
+84915837336
+84934711118
+84963699604
+841643906497
+84984333080
+841649704737
+84933512994
+84906365840
+84962156765
+84936514312
+841639232436
+84962034605
+84932733588
+84989825152
+841234000134
+84972040706
+84905390699
+841669457826
+84908370123
+84917557939
+84983022687
+841674746121
+84978444382
+84931802665
+841252647771
+84965211287
+841639823617
+841695947565
+84989542615
+841697591259
+84937567720
+841224569992
+841239513166
+84909193161
+84903348304
+84907764672
+841229512869
+84989542615
+84935699107
+841687898438
+841682156197
+84905762079
+84937712508
+84933306860
+841663187869
+841666088983
+84982795527
+841659988871
+84966282682
+841664666240
+841697879997
+84933331107
+841669193074
+84937780804
+84982008687
+84927126625
+84918642641
+841626941309
+841627753049
+841639046494
+841688575738
+84934070394
+84923127915
+841655560612
+84988242490
+841698831062
+84927126625
+84968372679
+84908452660
+84985082628
+84993888989
+84975777862
+84982592342
+84939311301
+84932133589
+84944244439
+841636796306
+841222922731
+84904722633
+841632935709
+841226729268
+841686909786
+84933901779
+84937326730
+84975777862
+84977050780
+841259522050
+841884364064
+841205729668
+841689924351
+84909060444
+84947730900
+841207295749
+84976082996
+84949709933
+84904722633
+841658901228
+84937807504
+841264684118
+841655929107
+84919978298
+841666664824
+84969505078
+841202192106
+84983070515
+84964444212
+841658901228
+84984881467
+841662668169
+841266630386
+84985552501
+841692298836
+841684815240
+84994436747
+841218059763
+84934987635
+84947766039
+841863928719
+84945791584
+84974497150
+841678489017
+841672405451
+84973235350
+84976354993
+84934987635
+841216618560
+84919555739
+841626398194
+84938154615
+84915975836
+84933884832
+84972210145
+84903505267
+84905590041
+841683795576
+84965039263
+84908148318
+84974497150
+84909914812
+841677332429
+84977040847
+84941707639
+841255573918
+841229451454
+84909480797
+841882880766
+841662279012
+841689235614
+84987590783
+84903757266
+84947666267
+841688488066
+84985575315
+841882107287
+84909521345
+84977040847
+84902160250
+84909858694
+84988140868
+841228636422
+841654525232
+84945522355
+84932694077
+84969313310
+84914288089
+841675991775
+84938545558
+84908052964
+84979892432
+84937579178
+84984223698
+84931026009
+84949844737
+841228171514
+84974936962
+84963308401
+84946457518
+84969507294
+84904669924
+841656570087
+84909858694
+84907988934
+841213689375
+84986844850
+84942860680
+84926544433
+84961394686
+84909343943
+84949760520
+841655984530
+84916468051
+841653030957
+841692074220
+84986844850
+84964348860
+84931945494
+84977323099
+84934061564
+84914009477
+841696683048
+841656206963
+841677383550
+84935002234
+84983200931
+841648173734
+841666729424
+84946457518
+84984153290
+84906904677
+84974952798
+84961201090
+841228624189
+84983367804
+84904829223
+841672327542
+841649739537
+84916468051
+841686254634
+841234511331
+841694871335
+84905382854
+84984352069
+84936244853
+841678847788
+841655984530
+841647198621
+841639830669
+841669662222
+84987662534
+84972041323
+841669936496
+84907244328
+841676970747
+84989738913
+841647198621
+84987725910
+84915229602
+84935568916
+84969895136
+84932441161
+84906904677
+84942100014
+84942877067
+841222905462
+84964999089
+84982863984
+84974079165
+84935069582
+84966507941
+84907169969
+84967727164
+84988572052
+841695555989
+84972041323
+841687529323
+84983693649
+84978428827
+84979682805
+841693335558
+84934020135
+84982381036
+841207550608
+84987662534
+84969114312
+841667962561
+841693901650
+841266644866
+841679483981
+84909540511
+841635356023
+84907169969
+84902757841
+841283923434
+841265875797
+841286056763
+84988841782
+84937678923
+84974927977
+841202415100
+84982863984
+84989749092
+841635677611
+841698638636
+84947797563
+84969339303
+841694353580
+841254501272
+84964004659
+841653343900
+84943397344
+84982494818
+841698514255
+84906535956
+841635677611
+84969473047
+841262778109
+84932582905
+84917769704
+84915868551
+841283215819
+841694631638
+84902757841
+84906744194
+84979918660
+84937781854
+84973697024
+841649854593
+841665119832
+841659544588
+84969745129
+84916071719
+84938049976
+84936339869
+84902751501
+84947432274
+84936742378
+84982436963
+84902694162
+84964004659
+84973339221
+841218204520
+841885535100
+84902023156
+841233003837
+841265759640
+841696919179
+84946099278
+841646676925
+841228777199
+84982770255
+84947708392
+841634439340
+84912491440
+84993294699
+84935646252
+841229250592
+841645951605
+841883932140
+841287004208
+84989932239
+84993294699
+841288931462
+84964759747
+841655442979
+84945804840
+84989527759
+84919951220
+841633655778
+84936165543
+84934088975
+84948656264
+841206165385
+84982485098
+841689193765
+84917814435
+84972609816
+84938271130
+84902345842
+84939223003
+84979653846
+84969247293
+841696653797
+84971621493
+84902406784
+84906477979
+84905744237
+841238300110
+841222823498
+84989527759
+84934704730
+84948754466
+841683472398
+84973747630
+84904726292
+84989435358
+841696428338
+84903626812
+84902302685
+84905744237
+84933879910
+84906094530
+84904332541
+841683133454
+84978500607
+84902406784
+841677024991
+841662360539
+84908570021
+84978235992
+84976409993
+84902302685
+84976986048
+841667166661
+841637795616
+841669120342
+841687891434
+84908337128
+841283656700
+841652981204
+841885054126
+84947607069
+841689453343
+84978298997
+84978235992
+84901433090
+84916164262
+84902737115
+84918079321
+84906720190
+84975370042
+841678562198
+841669957569
+84938499696
+84936994195
+84941524747
+84974855636
+841648621989
+84934749913
+84974765750
+841698908166
+841696173663
+841679197677
+84913932094
+841267100074
+84932969767
+84945353569
+841692710179
+841678797994
+84979484362
+84902439209
+841253741993
+84933966539
+841639872345
+841675503466
+841678902583
+841665890396
+84905740606
+841693022900
+841688006641
+84936875991
+84932969767
+841694818500
+841647804264
+841666023759
+84983541101
+84943260989
+841692564582
+84932047394
+84969291078
+841658407922
+841679197677
+84939440156
+84907495795
+84984380876
+84938149203
+84973212349
+841694344074
+841224062243
+841678483426
+841627112012
+84936875991
+841649824196
+841277733689
+841662589866
+841662885997
+841647804264
+84968134143
+841204489266
+841287529214
+84934477813
+84937803076
+84938149203
+841652092378
+84938696631
+84978862017
+841657274909
+841639613336
+841634314860
+84988532009
+841277733689
+84933040488
+841675321580
+84908681166
+841678195012
+841688375789
+84937689685
+841207470865
+841282267772
+841693872375
+841697807929
+84918323344
+841658202419
+841887189995
+84945270968
+841282267772
+841203638708
+84938767663
+841653445765
+84943826679
+841639025634
+841664510260
+841268249810
+841293965849
+841275587788
+84938331019
+84937689685
+841266887368
+84967617917
+84982257520
+841283204684
+841222280015
+84968383938
+84979642181
+841686653994
+84933467731
+841639293909
+84927936997
+841283204684
+84902602914
+84973270188
+84996761372
+84985348632
+841687090960
+84989866901
+84909761336
+841654235143
+841225815695
+841653445765
+841657121899
+841659325281
+84909999675
+84934575506
+84987437826
+84903545326
+84987240524
+84973686948
+841689244963
+84941629961
+84983441139
+84914698777
+84979400068
+84996761372
+841284797282
+84949305217
+841225857063
+841236343236
+84935500763
+84906699420
+841639880423
+84933983482
+84975182186
+841885005112
+841279148402
+841663288507
+84974320420
+84974823047
+841236343236
+841689856985
+841684922943
+841685254283
+841674049183
+841645123529
+841687179539
+841699356358
+84969873801
+84979400068
+841289768844
+84974823047
+841634912563
+841883815654
+84983161010
+841695003239
+84935212922
+841655540108
+84977385616
+84974893173
+84973980304
+841687179539
+841643787377
+84982372982
+841219164306
+841684315221
+84903563699
+84938667899
+841225964820
+84966904335
+841649561289
+841998449770
+841694697884
+84909252927
+84919192304
+841649821392
+84906432962
+841674946663
+84989392315
+841657173949
+84962654458
+84917620305
+84903271096
+84935212922
+841695003239
+84904286208
+841685648637
+84902898582
+841677235504
+84948452801
+84935501236
+841864202519
+84914275971
+841693751849
+841686210032
+841889898288
+841642382034
+841244807856
+84908273674
+841649821392
+841685142996
+84937777029
+84903751164
+84902885903
+841225333435
+841649561289
+84902691893
+84938749995
+84922937617
+841889898288
+84909898738
+84936703207
+84972261840
+84972726365
+841689095944
+84908660017
+84963269675
+841657431156
+84948452801
+84988148458
+84965574204
+841889975668
+84933237837
+841662272097
+84983994204
+84933199745
+841628568826
+84966006294
+84967150629
+84932924300
+84905584458
+84972799696
+841283651797
+84982342381
+841672260954
+84915678810
+84988148458
+84972692727
+84986169692
+841664824057
+84934389696
+84938087454
+841698454606
+841639497110
+84972261840
+841689228247
+841657661737
+841693005130
+841648352191
+841652576091
+84935978789
+841698454606
+84905584458
+84974257776
+841212114655
+841668699125
+841667157520
+841698658606
+84909377284
+84933367566
+84945233946
+841692040707
+841639363964
+841206527916
+84936205990
+84939047288
+841232077547
+84932066561
+84978640492
+841667157520
+841677071289
+841654529590
+841265577418
+84933033000
+841668699125
+841655979365
+84989350261
+841267377916
+84984787818
+841268787102
+841682919099
+84977359688
+84983596042
+841265223385
+84987689074
+841683983192
+84947666071
+841864408244
+841685493968
+84932665476
+841663958596
+841215767993
+841225067459
+841696087977
+841654936941
+841682919099
+84923742827
+84932459919
+84934017088
+84985645484
+841268296144
+84987932587
+84937644116
+84987689074
+841677777614
+84983483537
+841207496629
+841654220860
+841215767993
+841697231373
+84905389371
+841695941650
+84946757327
+84962229401
+84946649144
+84907882239
+84906797137
+84979864903
+841222613449
+841678056352
+84908204298
+84909400292
+841864567399
+84912361427
+841659973297
+84988861324
+84987627660
+84963823440
+84918262653
+84973438169
+84939361159
+84975488453
+841212380023
+841659973297
+84947966512
+841689923571
+84976782267
+84988258427
+84976782267
+84982461358
+84938853787
+84932376808
+841638972341
+841239100300
+841268694977
+84985939909
+84932070616
+841222727071
+841292191292
+84908931117
+841644754389
+841675828864
+841657982498
+841674414418
+841255615573
+841215466121
+841225593800
+841695940155
+841686123526
+841648314920
+84961289857
+84934618520
+841227468741
+84908855300
+841669893617
+841226547384
+84974604825
+841638972341
+84945755145
+841284010640
+84904732475
+84934164669
+841228525564
+841255615573
+84972994858
+84935112885
+84933721728
+84936055662
+84915009292
+84994821528
+841676226476
+84961289857
+84916818693
+841229004088
+841684130693
+841634392610
+841658550933
+841653658277
+84945558212
+841634442510
+84976525561
+84919080619
+84973421288
+84908080824
+841635330115
+84949787667
+84979584649
+84972994858
+84985514348
+841652582662
+84902557113
+841652158156
+84986929474
+841626014219
+84967709022
+841265635596
+84975804314
+84979896608
+84903943235
+841255829901
+841889988834
+841206630460
+84914377988
+84934110177
+841668943707
+84981857616
+84989998453
+841669865495
+841655765613
+84985470079
+841657969859
+84975745506
+84964704719
+84963675699
+841687257985
+84977391195
+84939861406
+84972398728
+84964728887
+841677199987
+84929290040
+84938269026
+84984143016
+84934110177
+84974975086
+84931771715
+84981122279
+841206630460
+84936722963
+84908222529
+84987677037
+84906322244
+841666521443
+841693532352
+84971170500
+841672411421
+841648423827
+84939527605
+84974975086
+84978192024
+841633704003
+84934310980
+841655398389
+84982990057
+84907736704
+84907980038
+84923757577
+84911494445
+841212865934
+84964704719
+841655993181
+84987307750
+841267604548
+84942369589
+84949993084
+84902923845
+84901052834
+841884603641
+84945770607
+84972594451
+841676748649
+84936874411
+84936722963
+841653533301
+84938410853
+84982990057
+841654970982
+841629977254
+84907675835
+841235047047
+84935293854
+84976769677
+84906567092
+84949993084
+84963223291
+84962082818
+84966008948
+841666195150
+841698857943
+84907988669
+841224806806
+84945770607
+841653203680
+841287910128
+841638099969
+84915505414
+841283859292
+841869600593
+841668112662
+84903768545
+84914163079
+84986237370
+84964858326
+841267354413
+84976767220
+841645961686
+84983615713
+84984949409
+841698857943
+84969981736
+841232034123
+841672907701
+84983617510
+84909818456
+841635299967
+84988466463
+84984949409
+841208876204
+841867080570
+84908200170
+84915584640
+841645961686
+841676055022
+84935383809
+841664597210
+841659122879
+84905095823
+841667631065
+841698834499
+84969256335
+841262685858
+84989937193
+84963234530
+841654273172
+84973266646
+84905969912
+84968882122
+841667631065
+841266673723
+84962513831
+84902996687
+84902844996
+84916748778
+84905095823
+84906252750
+841222700886
+84934885674
+84973244829
+841692911070
+841689649641
+841255921659
+84933815509
+84909533625
+84917546467
+84939439797
+841692973339
+841628792241
+84942526157
+84982747374
+84909533625
+841288890556
+84963234530
+84907821211
+84973549741
+841663236012
+841212224476
+841889225827
+84946187630
+84902273921
+84913021540
+841666823363
+84977515820
+84976479058
+84946041588
+84962501148
+84984839912
+84938290032
+841223310885
+841639998094
+841682398791
+84905636338
+841268009168
+84933901223
+84932135072
+841663882622
+84937091567
+841639998094
+841224822947
+84977616771
+84983232338
+841669964346
+84918250357
+841647177439
+84918518123
+84974620629
+841268009168
+84939708016
+84939001747
+841279225678
+84937356754
+84944326312
+84963318680
+84932122325
+84968923383
+841887753533
+84906921837
+841652545626
+841218065719
+84966984907
+841675720467
+84904178178
+84939001747
+84902333987
+84932327245
+84933656079
+841889911688
+841684757950
+841204153193
+84983232338
+841642954649
+84915171718
+841677773254
+841655252510
+841655754567
+84934889997
+841883466656
+841218065719
+84979962239
+841673623808
+841695893219
+84985797860
+84963311666
+84942957070
+84902333987
+84968469337
+841262048171
+84942423033
+841648389727
+84938550635
+84932751726
+84987199611
+841285044337
+84978845162
+84963311666
+84903140213
+84933419639
+841626038972
+841673623808
+841696993121
+841202234069
+84943708711
+841683061137
+841695685734
+84988523989
+84939557266
+84932061088
+84927760221
+84988816733
+84901696008
+841696705472
+841655830060
+84906926682
+84932061088
+84986296361
+84984469780
+84972278894
+841687124093
+84936528272
+841643231978
+84977918213
+841655441761
+84935467416
+841884484026
+841202393738
+84946695791
+841655441761
+84973930735
+841644284423
+84932019453
+841653724582
+841658183238
+84948593833
+84966805415
+84966885713
+84969502302
+84976456036
+841252286130
+841696667551
+841687527509
+84965188140
+841656885163
+84973845206
+84976456036
+84937103109
+841644315343
+84932667324
+84945539577
+841233422622
+841674681860
+841626567441
+84917272846
+841648399592
+841646527678
+841678248269
+841636653711
+84948432458
+841648399592
+841644015410
+841656157816
+84948760786
+841676454198
+841698452040
+84987673148
+84902903064
+841669726748
+84983949162
+84902820855
+841228900562
+841664305021
+841685782758
+841223133233
+841203047909
+84902912592
+84966866875
+841646219154
+841287747734
+84964276304
+841659195699
+841265466679
+84948432458
+841687554801
+84962262606
+841679921346
+84947797779
+84937494919
+84941879903
+84996597743
+84909223000
+84936112219
+84974237713
+841692471774
+841664992172
+84941493089
+841224168968
+84909473929
+84977807149
+841238947939
+841646922729
+841666110008
+84972369706
+84985259325
+841658757158
+84905860239
+84964276304
+841677133552
+84915175755
+84941493089
+84902829655
+841264038906
+841686028519
+841682196641
+84961831184
+841652281781
+841647434590
+841652219669
+84916901937
+84987960710
+841639391671
+841666110008
+841659253477
+841666487780
+841634786660
+841669744200
+841652663869
+841665191689
+841634786660
+84972133062
+841657953420
+841863088774
+841203654216
+841678512254
+84933525557
+841266461080
+84902814141
+84906950128
+841885496953
+84927965272
+841659490528
+84902829655
+84933583653
+841206885394
+841213421523
+841885496953
+84969510893
+84965304508
+84977524208
+84909502279
+841283443233
+84908413943
+84989308868
+84982547722
+841286430096
+84934235992
+84969244401
+84932154615
+841215553037
+841683748494
+84974825080
+841672372327
+841658945076
+841268985563
+841637909756
+84964782490
+841687553280
+841208313422
+841695763082
+841212250959
+84985787696
+841638113801
+84989259360
+841269171094
+84908542778
+84906632172
+841259058168
+841674082563
+841659942506
+84909410204
+841689076176
+841636448618
+841642089928
+84927002500
+841683748494
+841693828635
+84984484782
+841229931113
+84976300500
+84976157527
+84964782490
+84977963153
+84973071007
+841648359959
+841219498208
+84984988648
+84934135308
+84938049717
+84963228632
+84907483998
+841266525779
+84902831284
+84907345963
+841674082563
+84908210626
+84919077327
+84979712234
+841287560356
+84997012657
+84964689479
+84977911843
+841656616639
+84907087034
+841266525779
+841655709070
+841669516112
+84986382378
+84976300500
+84984987354
+84942582033
+84978790513
+84964288347
+84974646883
+84909696144
+841869214621
+841286669415
+84977911843
+84907087034
+841694266524
+84902225057
+84973876462
+841684322028
+84968999130
+84976747053
+841663543050
+84982537006
+841669327251
+841634578201
+84974190033
+841687304505
+841229444982
+84906267297
+84978790513
+84947052205
+841676000602
+841215651954
+84935705055
+841647246229
+841884978927
+84972129702
+84964990933
+841693459441
+84932093143
+841264381259
+841699221122
+84918318001
+841646504555
+84914640521
+841688787770
+841682482118
+841699221122
+84903033292
+84933294273
+84976530391
+841296026710
+841274608888
+841649821136
+841676188119
+84944112822
+841262863795
+84908541456
+84917600119
+841673100114
+841283292285
+841284520047
+84908289149
+841667451690
+84947052205
+84906140737
+84903065758
+841213656816
+84962394370
+84926008535
+841698301737
+841673100114
+841656018792
+841668878878
+841675579196
+841669331505
+84982529293
+84988768673
+841678844055
+84917600119
+841262380620
+841656117342
+84967123414
+841208402504
+84971711788
+841652730790
+841648383613
+841694036968
+841689436892
+84932464094
+841696269029
+841219043710
+84947197279
+84982541051
+841208402504
+84937894980
+84937460040
+84938804747
+84969577815
+84932432340
+84974024163
+841648408798
+841219959229
+84949193693
+841228882241
+841669383444
+841648081588
+841265452347
+84902714660
+841665785558
+84949898995
+84933779657
+84982906865
+841693905876
+84912929086
+841668332522
+84937460040
+841658258731
+84938866047
+84942228114
+841679007811
+841228882241
+841212132273
+84906932563
+841699078991
+841642431315
+84941996644
+84908650623
+84989268961
+84979181919
+841666185406
+841655522610
+841202662389
+84982906865
+841696870134
+84976535466
+841689965164
+84902350634
+841694252984
+84985778972
+84973632383
+84912929086
+84932241798
+84974397733
+84912380507
+84974639194
+84985319381
+84985014001
+841229999894
+84984288354
+84939357799
+841632678029
+841269448779
+84985014001
+841218483445
+84915806370
+84906677022
+841887702456
+84973306764
+841635166456
+84989295152
+841214663399
+841649128139
+84937570991
+841229999894
+841282687711
+84966200941
+841697588034
+841626500519
+84903775360
+84937570991
+84907775459
+84969461832
+841215240917
+84963372054
+84934189044
+84909861660
+84908804376
+841227709616
+841635166456
+84904410738
+841667279589
+84924069469
+84907840488
+84935557275
+84967933065
+84937370416
+841654545535
+841696612898
+84945916191
+84985471357
+841279116595
+84901416962
+841659053181
+84902580228
+84983845258
+84933365767
+841262461235
+841642742881
+841626500519
+841687715583
+84974977719
+84983510741
+84969461832
+841667624363
+841664111583
+841204852088
+84962481834
+841224346036
+841626116405
+84968730018
+84905292962
+841688282415
+84909080485
+841696612898
+84937500307
+84939077456
+841675252142
+841628894966
+841279116595
+841214057293
+841637704964
+841635174852
+841655518619
+841234545865
+84903507224
+841674535717
+84909156022
+84902533155
+84938338856
+84903147748
+84974212468
+84943194302
+841644414880
+84937500307
+84984900684
+841277773842
+841266840833
+841269704320
+841257147737
+841642067040
+841286135242
+841655518619
+84966044011
+84932120407
+84925971699
+84978227197
+841252025721
+841626651292
+84909739492
+84979626138
+84983400477
+84963664499
+841653007713
+84935468797
+84961314274
+841676009606
+841266840833
+841283503202
+84932714971
+84979583345
+84906473259
+84944992290
+84904176384
+841678200910
+84902734252
+841634826959
+841866391668
+84972674509
+84962979685
+841283503202
+841218184000
+84937370679
+84902687680
+84937783873
+84938558161
+84925261360
+84977792340
+841224579167
+84908055473
+84948538172
+84938456353
+84907921099
+84937118369
+841653007713
+84909767576
+84988512954
+84905876968
+841679240540
+84918576079
+84905058747
+84984603074
+84949555671
+841688061996
+841684066316
+84977792340
+84908742295
+84901440275
+84988230300
+84925261360
+841674167383
+841226665626
+841223624485
+841239891007
+84979354687
+84947108755
+84962317498
+84934165637
+841682939868
+841226665626
+841666741038
+841262776770
+84988996342
+84932012967
+84939232870
+84943114860
+84966554102
+841679419503
+841234301310
+84914647447
+841632161178
+84983806867
+84935610525
+84919138600
+84988738497
+84988230300
+84984211323
+84977577305
+84902732667
+84943713976
+84901450043
+84909669117
+84983792934
+841628854558
+841223695978
+84975688805
+84946100585
+84907182763
+84932012967
+84949023956
+841289537538
+84988738497
+84905380699
+84914967857
+84972161282
+841278686510
+84909839084
+84968710890
+841217030179
+841643250234
+84982192148
+841236000188
+84905553301
+84979097174
+84936445057
+841278686510
+841223897750
+84906401811
+84907182763
+84973469547
+841662347686
+84968250535
+84933078543
+841686897391
+84946863845
+841686212820
+841695514408
+841679338779
+841643020432
+84909566437
+84976700548
+84965256879
+84946966551
+84968250535
+84914334404
+84908100891
+84935590595
+84968111033
+84938937624
+841633633813
+84987113684
+84996806068
+84986077509
+841634193298
+84945057496
+84974475547
+84984202312
+84937644489
+841655466228
+841687163474
+841634159976
+84946746879
+841649686650
+84905673594
+84939449890
+841643020432
+841634005610
+84979539669
+841864861090
+84935440368
+84973092422
+841692593622
+841699038069
+84976074003
+841634005610
+84979927015
+84906589623
+841294444258
+84909612962
+841649245636
+84906264203
+84946200394
+841889579538
+841694299705
+841223538532
+84997692740
+84933678095
+84965121056
+84976536157
+841233969342
+841696629001
+84905245869
+84905702929
+84908747795
+84933249777
+841657218823
+841676377936
+841687234900
+841225903266
+841239767576
+84933678095
+84986186927
+84961667731
+84902613693
+84942816046
+84979409973
+84973971703
+84983589317
+84997692740
+841699218474
+841656044563
+841667470692
+841652151074
+84976715609
+84908501622
+84983639115
+84982106300
+84969040253
+84989579172
+841239569335
+84964115077
+84937717714
+84918261890
+841674616980
+84971412739
+841683497979
+841634161044
+84996245520
+841225534103
+84906344491
+84986506306
+841667470692
+84908219067
+841272434936
+84977099102
+841626947984
+841287959992
+841666252252
+84964916686
+84917246221
+84977099102
+84905210922
+841683651511
+84902433502
+84984683513
+84906344491
+84909527040
+841697197970
+841698452960
+841684844919
+841644140400
+84907387340
+841238209576
+84967058179
+84905841043
+84943399334
+84917632707
+84947172967
+84919231080
+84902897111
+84984497720
+841214337977
+841647760618
+841262194183
+84933105949
+84905512174
+84968446213
+84985602436
+841287959992
+84908246280
+84912479550
+841646053351
+84902927188
+84905454336
+84968112603
+84905113683
+84974534594
+84939083858
+841699186754
+841695271315
+84949867801
+84904888980
+84925858183
+84908858159
+84917135175
+84909369971
+84933822095
+841249015596
+84907001899
+841667821649
+841684014140
+84906860793
+841699186754
+84973447907
+841888450154
+841689478862
+841656373843
+84975597495
+84914821479
+84909234557
+841286018370
+84905358258
+841696814743
+84904888980
+841688997174
+84935573090
+84945297999
+84972729936
+841684400797
+841222348094
+84978266601
+841234563201
+84995913776
+84933243934
+84933999459
+84966388030
+84982699012
+84976650645
+84966734747
+841216161955
+841649210405
+841696814743
+84987909704
+841648848979
+84907533577
+841665807903
+84967444275
+84967909894
+84931227988
+84963287248
+84947133393
+841867144580
+84976650645
+841647342022
+841636504168
+84908486242
+841672734362
+84975437659
+841238457268
+841276511842
+841228189791
+84986230666
+84902620091
+84938927504
+84905181741
+841647474784
+841889716646
+841223608716
+841684241878
+841655991523
+841884886469
+841646456455
+841999118009
+841238457268
+84934403077
+841664722436
+841207073757
+841668511224
+841657238979
+84947133393
+841226596094
+84945122828
+841279230886
+841653060787
+841266684111
+841678459664
+841263174897
+84978074765
+84939995392
+84948304529
+841202485306
+841226596094
+84905044347
+84975078840
+84964698531
+841627830432
+84906527977
+84972742276
+841652705630
+84907671112
+841649652089
+84935393734
+84936412142
+84987273320
+84944439779
+84976096767
+84911923567
+84948304529
+84977432243
+841212672599
+841652231993
+84905315143
+84937302222
+84986863329
+84944775550
+841688702195
+84975964469
+841684296116
+84902843761
+841676116083
+84983633963
+841265199109
+84975078840
+841648013996
+841676116083
+841667195397
+84968511668
+841638311360
+84935696818
+841684260062
+84984050674
+84986527680
+84935576161
+841648483231
+841676254729
+84966963733
+84975964469
+84918332527
+84938160557
+841269902766
+84909252808
+841663080965
+841692229167
+84971367247
+841626085660
+84909424647
+84913357939
+84949129779
+84903010399
+84902050978
+84937254682
+841697726009
+841285948488
+84913062307
+841882502196
+841699381330
+841656272172
+841627132368
+841696926517
+841216024287
+84903981158
+84933310595
+84974835879
+84972281712
+84973233266
+841245466667
+84983823150
+84961558348
+841227138108
+84936323992
+84909424647
+84988599916
+84979219171
+84987777467
+84971367247
+84946969087
+84969400115
+841696886797
+841228268594
+84938128896
+84997249302
+841672609674
+84939099096
+841869986375
+841686455051
+84949893839
+84962863867
+841689967050
+84962821448
+84901264647
+84965337000
+841667227698
+84939072765
+84968208594
+841245466667
+84937684366
+84902036017
+84945975469
+841679042905
+841636834610
+841632040487
+84979250051
+84972413307
+84905692639
+841869986375
+84943301445
+841647777733
+841212099013
+841869465514
+841267337313
+84989545147
+841678220530
+84909631149
+84975585872
+84971323396
+84979250051
+841699678786
+841244351993
+84982040040
+841686055391
+841678411891
+84946473734
+84973072691
+841274424576
+84987153350
+84944146162
+84966184752
+841222500272
+84909571776
+84908073207
+84977606767
+841864411364
+84909272009
+841274424576
+841286993639
+84982040040
+841633335823
+84935477992
+84963206002
+84964435742
+841662477073
+841999123455
+84908957565
+84994044125
+841662399968
+84967400939
+841663541401
+84977399503
+84969989789
+84967805083
+841222192922
+841692078745
+841883777883
+84925947611
+84962758993
+841626210611
+84906490948
+84909400995
+84913437627
+841669202133
+84989275762
+84963206002
+84937575190
+841643731680
+841655170655
+84968654550
+841648589487
+84975217694
+84973602316
+84907575078
+84965226239
+84902463569
+841658035106
+84968288448
+84913437627
+84975912025
+84979121537
+84909773791
+84915115201
+84968999858
+84938889437
+84909971501
+841639366666
+84988834941
+84934536965
+841657001863
+84904861334
+84933927903
+84975217694
+84963244711
+841636514636
+84941396063
+84917062182
+84937139157
+84979650558
+84906585118
+84983665239
+84917264240
+84983200192
+84982233198
+841649868212
+841636793889
+84966636565
+841203754507
+841217391129
+841675528309
+84947552996
+841635011966
+841653343333
+84908841626
+84978542824
+841658949673
+841643190468
+84988834941
+841867741280
+84942001853
+841669740575
+841253759199
+84985360066
+841863698994
+84906323442
+84979650558
+841683536122
+84949970959
+84938029698
+84985528727
+84987533939
+84946897382
+84967543503
+84908982857
+841243386824
+84911120708
+84908553107
+84939533521
+84974560712
+841634020127
+84979817588
+841689978257
+84939536539
+841212528408
+841212279239
+841659121307
+84976048995
+841689512506
+84965380036
+841658949673
+841682131613
+84906526023
+84937197689
+841655733711
+84902048191
+84986371599
+841665714502
+841668909598
+841689978257
+84983638852
+84982161530
+84908982857
+84903182152
+841652408035
+841668226976
+841658256880
+84933564460
+84914718359
+84979018122
+841223040004
+841212044438
+841227949303
+84982512134
+84933280409
+841269983999
+84977280687
+84945942879
+841655733711
+841649578034
+84903062390
+84907769880
+84908897222
+841656190105
+841659120556
+84935880560
+841662664765
+84979533886
+841266776786
+841632032030
+841882121224
+841665618987
+84935351314
+84926041422
+84939698869
+84963920055
+84932774589
+84902048191
+84919673785
+84977710547
+84979533886
+84942729839
+841639964759
+841289966717
+84912173949
+84916899123
+841678691642
+841643403063
+84906700624
+841213322659
+841203535037
+841665618987
+84907270590
+841228860130
+841646852125
+84995330583
+84989298380
+841884488852
+84912401877
+84944126015
+841635501570
+84902928321
+841647313146
+84933441058
+841889859845
+84982923264
+841232858123
+84925737692
+84916278139
+841679228677
+841242518810
+84968530058
+84937867883
+84903512844
+841267758012
+841666047291
+84942729839
+84983370348
+84994483368
+84937915598
+84969811920
+84978179499
+84902975073
+841635501570
+84932668784
+841654919377
+84968335406
+84973755560
+84911366246
+84986449123
+84962164836
+841887161430
+84948535169
+84909939425
+84977666029
+841638849634
+84937937886
+84902555991
+84961599969
+84972713126
+84948535169
+84967314127
+84919940106
+84938482124
+84908012770
+841667601680
+84963943467
+841647656678
+84934919334
+841673541806
+84916560069
+84902437301
+841655759897
+841883331418
+84978531253
+84909983176
+84984316765
+841214664003
+84902557070
+841695204060
+84908454573
+84901455196
+84918375799
+84974022001
+84985093455
+84976092623
+841673541806
+84933573417
+84985055517
+84916560069
+84979164765
+84937561308
+84981872425
+84986166315
+84985093455
+84966905456
+841668370981
+841214664003
+84961230306
+841649637522
+84904944355
+84972664128
+841636933270
+84908833630
+84972908879
+84966492894
+84972298398
+841643877431
+841665457912
+841272345916
+841226152188
+84904554303
+84966112728
+841663060902
+84966920020
+84984060144
+841267017308
+84942753979
+841277775464
+84989609723
+84934797547
+841222926449
+84947379016
+841654307445
+84961230306
+84918690090
+84947460584
+84934272224
+84966112728
+84968214025
+84939399936
+841655984824
+841639370664
+84973460474
+84978039195
+841678923304
+841222926449
+84935065183
+84903228354
+84989721753
+84902594949
+84962028486
+841698287185
+84905705504
+84985816200
+84907886640
+84905663511
+84907117964
+84908896362
+841687568445
+84941993292
+841668044025
+841688326768
+841273916916
+84973460474
+84935065183
+84988639189
+841662209239
+841267891230
+84972001551
+841678267494
+84937101310
+84975446119
+84974355859
+84938121232
+84907344332
+84985816200
+841645157331
+841699799067
+84911864399
+841699391589
+841216858434
+841222031619
+84933658819
+84906431899
+841277479779
+841867770503
+84909864853
+84918822000
+84964294099
+84905401083
+84972001551
+84985950777
+841696132031
+84963478480
+84916727776
+84935024983
+841666299800
+841887293153
+84985523122
+84948386865
+84938551062
+841699799067
+84912002570
+84909205216
+841626451015
+84945432406
+84932597166
+84939020001
+84938434118
+841867770503
+841694762088
+84968636007
+841227884228
+84976096200
+841653979088
+84918241088
+84973486905
+84917775433
+841867681437
+84906764618
+84977987665
+84939144988
+84904702402
+841688486928
+84903747385
+841207583065
+84907667711
+841882920803
+84933915395
+84937613200
+84971543939
+84931316115
+841676077094
+84977987665
+84902992021
+841657970198
+84975705615
+84969299492
+84938221294
+84966988184
+841662449124
+841659453506
+84902566004
+84978324367
+84938688755
+841647879011
+84907587937
+84933915395
+841626088914
+841224789369
+841662139149
+84942523573
+84937584992
+841683568488
+84945138540
+84975705615
+84937645132
+84938688755
+84987102842
+84938256857
+84983900109
+841678611666
+84908287313
+84972344951
+841202594295
+84947017707
+841229998966
+841628165877
+84906031557
+84937736230
+84983900109
+841696007983
+84986881279
+841694344535
+841694318753
+84933838863
+84916456499
+841658258207
+84932040733
+841696856702
+841264141031
+84978900091
+84932142209
+841215987621
+841635878670
+841632495953
+841225539559
+841865044918
+84987911948
+84963237096
+84903310578
+841222764754
+841664642813
+841216660511
+841206825488
+84918793356
+841696489760
+84905493667
+841679527211
+84901341568
+84906663990
+841694344535
+841693919369
+841689977364
+841659346657
+841689977364
+84905493667
